0.014681, 0.009911
0.001808, 0.001800
0.002043, 0.001898
0.001591, 0.001560
0.001883, 0.001855
0.001781, 0.001740
0.002204, 0.002194
0.001832, 0.001732
0.001905, 0.001896
0.002025, 0.001819
0.001707, 0.001561
0.002480, 0.002458
0.003219, 0.002055
0.003809, 0.002758
0.002098, 0.002081
0.004126, 0.002845
0.001696, 0.001670
0.001843, 0.001819
0.001808, 0.001702
0.002167, 0.002061
0.001705, 0.001695
0.001711, 0.001703
0.001743, 0.001715
0.001982, 0.001969
0.003038, 0.002951
0.004051, 0.002825
0.003157, 0.002097
0.002034, 0.002024
0.001963, 0.001296
0.001584, 0.001572
0.001787, 0.001732
0.001956, 0.001917
0.001602, 0.001591
0.001537, 0.001515
0.001717, 0.001708
0.001539, 0.001529
0.003400, 0.002179
0.003268, 0.002029
0.002081, 0.001967
0.001837, 0.001823
0.001511, 0.001495
0.002131, 0.001413
0.001682, 0.001666
0.001914, 0.001903
0.002105, 0.002058
0.001657, 0.001645
0.001685, 0.001629
0.004522, 0.002635
0.001780, 0.001484
0.001538, 0.001530
0.001836, 0.001813
0.001602, 0.001583
0.001957, 0.001695
0.001719, 0.001680
0.001561, 0.001540
0.001567, 0.001549
0.001701, 0.001681
0.001909, 0.001851
0.003275, 0.002101
0.003432, 0.002231
0.002306, 0.001596
0.001868, 0.001856
0.001883, 0.001759
0.002285, 0.002270
0.001926, 0.001917
0.001796, 0.001785
0.001486, 0.001477
0.001636, 0.001623
0.001510, 0.001491
0.003397, 0.002179
0.003708, 0.002502
0.002083, 0.001353
0.001676, 0.001652
0.002295, 0.001600
0.001646, 0.001633
0.001547, 0.001539
0.001747, 0.001714
0.001587, 0.001533
0.001537, 0.001516
0.003309, 0.003271
0.003428, 0.002106
0.003381, 0.002248
0.004061, 0.002869
0.001591, 0.001573
0.001635, 0.001608
0.001512, 0.001504
0.001707, 0.001669
0.001559, 0.001535
0.001557, 0.001542
0.001610, 0.001507
0.001603, 0.001582
0.001623, 0.001611
0.003426, 0.002252
0.002476, 0.002438
0.003948, 0.002723
0.003575, 0.002384
0.001686, 0.001643
0.001630, 0.001611
0.001607, 0.001595
0.001664, 0.001655
0.001640, 0.001628
0.001565, 0.001535
0.001655, 0.001646
0.001641, 0.001619
0.001601, 0.001581
0.003384, 0.002211
0.004240, 0.002913
0.003835, 0.002482
0.003638, 0.002612
0.001764, 0.001743
0.001533, 0.001511
0.001598, 0.001575
0.001563, 0.001553
0.001493, 0.001482
0.001993, 0.001828
0.003729, 0.002451
0.004034, 0.002818
0.005091, 0.003447
0.003723, 0.002497
0.003794, 0.002564
0.003626, 0.002463
0.003511, 0.002626
0.002491, 0.001349
0.001679, 0.001423
0.001601, 0.001579
0.003267, 0.002183
0.004862, 0.002877
0.003720, 0.002563
0.003870, 0.002723
0.003419, 0.002624
0.003713, 0.002503
0.003666, 0.002430
0.004680, 0.003245
0.006478, 0.003942
0.001945, 0.001372
0.001772, 0.001751
0.001526, 0.001489
0.001598, 0.001587
0.003435, 0.003365
0.003833, 0.002643
0.003741, 0.002601
0.004018, 0.002800
0.004120, 0.002930
0.004317, 0.003080
0.003829, 0.002658
0.003358, 0.002252
0.002012, 0.001654
0.001693, 0.001673
0.001528, 0.001516
0.001558, 0.001540
0.001571, 0.001458
0.001802, 0.001790
0.005591, 0.003195
0.003970, 0.002596
0.004301, 0.003038
0.001876, 0.001607
0.001590, 0.001576
0.001701, 0.001690
0.003376, 0.003277
0.003547, 0.002583
0.001686, 0.001525
0.005290, 0.002938
0.004019, 0.002793
0.004719, 0.003807
0.005315, 0.002831
0.004067, 0.002776
0.003683, 0.002553
0.003739, 0.002558
0.003733, 0.002767
0.004441, 0.002883
0.003937, 0.002728
0.005327, 0.003467
0.004077, 0.002803
0.003714, 0.002582
0.003537, 0.002559
0.003619, 0.002820
0.005654, 0.003397
0.004483, 0.003304
0.004178, 0.003036
0.003183, 0.003051
0.004373, 0.003141
0.005762, 0.002910
0.003438, 0.002619
0.004965, 0.002342
0.004620, 0.003451
0.004267, 0.002898
0.003125, 0.002021
0.001490, 0.001473
0.001614, 0.001563
0.002541, 0.001419
0.001745, 0.001693
0.002109, 0.001594
0.001557, 0.001534
0.001930, 0.001898
0.003709, 0.002376
0.003868, 0.002712
0.004324, 0.003152
0.004070, 0.002679
0.002801, 0.001628
0.001974, 0.001937
0.001568, 0.001553
0.001511, 0.001490
0.001508, 0.001497
0.001526, 0.001508
0.001570, 0.001564
0.002857, 0.002819
0.003767, 0.002806
0.004284, 0.002966
0.003748, 0.002637
0.003771, 0.002525
0.003674, 0.002531
0.003758, 0.002697
0.005968, 0.004728
0.002017, 0.001409
0.001603, 0.001598
0.001613, 0.001576
0.003494, 0.002392
0.003191, 0.002015
0.001587, 0.001512
0.001711, 0.001682
0.002190, 0.002168
0.001651, 0.001637
0.002010, 0.001320
0.002010, 0.001993
0.001587, 0.001554
0.002191, 0.002146
0.002464, 0.002428
0.002339, 0.001244
0.001581, 0.001543
0.002554, 0.002492
0.003457, 0.002354
0.001687, 0.001673
0.001565, 0.001555
0.002032, 0.002022
0.001817, 0.001784
0.001530, 0.001508
0.001980, 0.001943
0.001746, 0.001729
0.001588, 0.001576
0.002920, 0.001765
0.001684, 0.001667
0.004188, 0.003005
0.002408, 0.002323
0.001562, 0.001499
0.001665, 0.001644
0.001887, 0.001880
0.001628, 0.001599
0.001612, 0.001602
0.001528, 0.001492
0.001646, 0.001636
0.001669, 0.001650
0.003162, 0.001472
0.001643, 0.001630
0.003756, 0.002519
0.002248, 0.001541
0.001707, 0.001683
0.001554, 0.001540
0.002206, 0.002196
0.001619, 0.001606
0.001532, 0.001523
0.001624, 0.001611
0.001716, 0.001695
0.001619, 0.001593
0.003611, 0.002541
0.003772, 0.002578
0.003826, 0.002635
0.002511, 0.001369
0.001661, 0.001649
0.001699, 0.001595
0.001944, 0.001920
0.001739, 0.001729
0.001479, 0.001468
0.001581, 0.001563
0.001660, 0.001638
0.002590, 0.002506
0.003678, 0.002559
0.004195, 0.002773
0.003116, 0.001950
0.001587, 0.001548
0.002300, 0.002279
0.002044, 0.002018
0.001839, 0.001820
0.002122, 0.002070
0.001569, 0.001505
0.001705, 0.001664
0.004142, 0.002417
0.004185, 0.003073
0.003736, 0.002626
0.002470, 0.001413
0.001676, 0.001654
0.001585, 0.001555
0.001679, 0.001548
0.001660, 0.001604
0.001640, 0.001630
0.002015, 0.002005
0.001928, 0.001896
0.001674, 0.001660
0.004075, 0.003875
0.003920, 0.002698
0.004369, 0.003110
0.003717, 0.002485
0.003735, 0.002593
0.002875, 0.002844
0.001744, 0.001735
0.001536, 0.001524
0.001711, 0.001619
0.001672, 0.001618
0.001578, 0.001569
0.002641, 0.001488
0.003891, 0.002749
0.003310, 0.002144
0.002184, 0.001857
0.001712, 0.001683
0.001762, 0.001737
0.002345, 0.001500
0.001560, 0.001551
0.001817, 0.001753
0.001598, 0.001571
0.001546, 0.001536
0.001513, 0.001484
0.001632, 0.001618
0.003222, 0.001865
0.004729, 0.002171
0.001973, 0.001247
0.001635, 0.001601
0.001524, 0.001508
0.001997, 0.001947
0.001797, 0.001749
0.001650, 0.001431
0.001840, 0.001819
0.001658, 0.001647
0.001959, 0.001875
0.003408, 0.002271
0.002488, 0.001398
0.002516, 0.001638
0.001764, 0.001739
0.001835, 0.001823
0.001610, 0.001558
0.001625, 0.001602
0.001767, 0.001751
0.001546, 0.001529
0.001709, 0.001680
0.001632, 0.001621
0.003305, 0.003212
0.003378, 0.002188
0.002414, 0.001385
0.001907, 0.001871
0.001632, 0.001613
0.002468, 0.002447
0.003322, 0.002183
0.003274, 0.002147
0.002689, 0.001425
0.001899, 0.001889
0.003336, 0.002213
0.003346, 0.002190
0.004016, 0.002655
0.003376, 0.002133
0.001657, 0.001646
0.001540, 0.001525
0.002000, 0.001975
0.001684, 0.001670
0.001579, 0.001556
0.001565, 0.001556
0.001498, 0.001477
0.001616, 0.001606
0.004032, 0.003937
0.003532, 0.002309
0.002426, 0.002314
0.001540, 0.001509
0.002059, 0.002038
0.001643, 0.001586
0.001601, 0.001589
0.001683, 0.001667
0.001601, 0.001593
0.001813, 0.001787
0.004238, 0.002862
0.001509, 0.001483
0.001518, 0.001509
0.003229, 0.002075
0.003523, 0.002315
0.001695, 0.001685
0.001574, 0.001477
0.002353, 0.002062
0.001888, 0.001875
0.001975, 0.001959
0.003571, 0.003533
0.004087, 0.002955
0.004220, 0.002982
0.002487, 0.001310
0.001771, 0.001764
0.001726, 0.001693
0.001669, 0.001656
0.001721, 0.001596
0.001644, 0.001615
0.001612, 0.001605
0.001870, 0.001864
0.001689, 0.001665
0.001579, 0.001561
0.003193, 0.002055
0.003203, 0.002076
0.001654, 0.001643
0.001668, 0.001656
0.001552, 0.001533
0.001887, 0.001872
0.001950, 0.001895
0.001558, 0.001541
0.001573, 0.001526
0.001759, 0.001635
0.002999, 0.001807
0.002473, 0.001297
0.001603, 0.001564
0.001573, 0.001535
0.003651, 0.002384
0.003175, 0.002051
0.001566, 0.001548
0.001863, 0.001785
0.001809, 0.001797
0.001612, 0.001597
0.001760, 0.001742
0.001590, 0.001573
0.002430, 0.002249
0.004212, 0.002977
0.003134, 0.001987
0.002803, 0.002693
0.003231, 0.002048
0.002377, 0.001394
0.001553, 0.001540
0.001644, 0.001561
0.001584, 0.001573
0.001952, 0.001911
0.001818, 0.001803
0.003332, 0.003287
0.003648, 0.002468
0.001676, 0.001655
0.001533, 0.001511
0.001576, 0.001553
0.002387, 0.002350
0.003275, 0.002085
0.002204, 0.002182
0.001689, 0.001680
0.001602, 0.001591
0.001639, 0.001629
0.001516, 0.001471
0.001622, 0.001608
0.003059, 0.003003
0.001792, 0.001762
0.003354, 0.002108
0.002503, 0.001348
0.003328, 0.002112
0.002115, 0.001471
0.001671, 0.001583
0.001559, 0.001545
0.001526, 0.001512
0.001506, 0.001467
0.002320, 0.002059
0.003142, 0.001914
0.001665, 0.001643
0.003597, 0.002371
0.003648, 0.002419
0.003403, 0.002281
0.003208, 0.002279
0.001880, 0.001871
0.001771, 0.001749
0.001521, 0.001493
0.001513, 0.001502
0.003916, 0.003843
0.003822, 0.002649
0.001668, 0.001655
0.001658, 0.001630
0.001646, 0.001625
0.002224, 0.002207
0.003142, 0.001964
0.002613, 0.001407
0.001534, 0.001510
0.001633, 0.001615
0.001593, 0.001583
0.001601, 0.001580
0.002701, 0.002145
0.001756, 0.001680
0.004079, 0.002280
0.004564, 0.002418
0.002371, 0.001267
0.001730, 0.001714
0.001638, 0.001544
0.001753, 0.001622
0.001791, 0.001729
0.001581, 0.001572
0.002142, 0.002129
0.001580, 0.001543
0.001726, 0.001516
0.002731, 0.002696
0.003459, 0.002220
0.004399, 0.002970
0.003563, 0.002326
0.001694, 0.001683
0.002357, 0.002346
0.002437, 0.001411
0.001635, 0.001623
0.001546, 0.001536
0.001778, 0.001762
0.004002, 0.003911
0.002469, 0.002266
0.003088, 0.002099
0.002614, 0.002583
0.003343, 0.002220
0.002199, 0.001392
0.001855, 0.001824
0.002056, 0.001813
0.001715, 0.001694
0.001547, 0.001513
0.001794, 0.001783
0.001979, 0.001512
0.001480, 0.001458
0.002766, 0.002749
0.002380, 0.002334
0.003038, 0.002112
0.002275, 0.001509
0.002140, 0.001476
0.001868, 0.001857
0.001652, 0.001641
0.001582, 0.001570
0.001884, 0.001851
0.002843, 0.002724
0.008142, 0.006949
0.003134, 0.001992
0.003218, 0.002119
0.003427, 0.002273
0.001942, 0.001924
0.001593, 0.001581
0.001617, 0.001608
0.001853, 0.001810
0.001572, 0.001531
0.001772, 0.001754
0.003961, 0.002692
0.003099, 0.001889
0.001712, 0.001698
0.001642, 0.001631
0.003279, 0.002157
0.002536, 0.001423
0.001667, 0.001634
0.001551, 0.001527
0.001631, 0.001612
0.001524, 0.001509
0.002584, 0.001337
0.001747, 0.001736
0.002614, 0.001349
0.001506, 0.001496
0.001740, 0.001723
0.003211, 0.002055
0.002013, 0.001611
0.001744, 0.001577
0.001694, 0.001685
0.001555, 0.001535
0.001628, 0.001603
0.003354, 0.003202
0.003599, 0.002194
0.003285, 0.002153
0.001891, 0.001857
0.003092, 0.001925
0.003268, 0.002022
0.002127, 0.001761
0.001862, 0.001519
0.001843, 0.001761
0.001650, 0.001640
0.001549, 0.001534
0.003329, 0.002147
0.003325, 0.002120
0.003517, 0.002301
0.003230, 0.002154
0.001717, 0.001708
0.003186, 0.003071
0.002716, 0.001504
0.001568, 0.001558
0.001656, 0.001647
0.003606, 0.002494
0.001929, 0.001906
0.003399, 0.002145
0.003262, 0.002109
0.003284, 0.002238
0.003026, 0.002033
0.003033, 0.001921
0.003031, 0.002089
0.003045, 0.002060
0.003140, 0.002236
0.001527, 0.001501
0.001586, 0.001564
0.002918, 0.002677
0.002439, 0.002342
0.003016, 0.002699
0.002586, 0.001408
0.001564, 0.001544
0.001683, 0.001653
0.001563, 0.001531
0.003258, 0.001954
0.002496, 0.001384
0.001641, 0.001621
0.005938, 0.005880
0.001848, 0.001837
0.001587, 0.001570
0.001519, 0.001508
0.001853, 0.001839
0.001547, 0.001518
0.001576, 0.001565
0.001570, 0.001557
0.001929, 0.001857
0.003252, 0.002054
0.002240, 0.001389
0.001622, 0.001614
0.002666, 0.002643
0.002534, 0.002461
0.003671, 0.002497
0.003728, 0.002549
0.003563, 0.002787
0.003719, 0.002516
0.003998, 0.002879
0.004169, 0.002925
0.005697, 0.002736
0.005324, 0.004030
0.004587, 0.003069
0.003814, 0.002552
0.004257, 0.003084
0.003683, 0.002523
0.004164, 0.002826
0.004821, 0.003092
0.004576, 0.002912
0.004554, 0.003239
0.003966, 0.002670
0.003776, 0.002628
0.003645, 0.002687
0.003993, 0.002786
0.004074, 0.002818
0.004415, 0.002785
0.003655, 0.002492
0.003979, 0.002799
0.003624, 0.002510
0.003881, 0.002630
0.003820, 0.002690
0.003656, 0.002585
0.005266, 0.004053
0.004361, 0.003084
0.003765, 0.002577
0.004893, 0.002688
0.003650, 0.002491
0.004043, 0.002821
0.003563, 0.002765
0.004206, 0.003043
0.007475, 0.004725
0.005671, 0.003278
0.004001, 0.002679
0.004211, 0.002956
0.003690, 0.002420
0.003591, 0.002403
0.010778, 0.006265
0.003862, 0.002635
0.004830, 0.002504
0.004078, 0.002836
0.003670, 0.002505
0.004191, 0.002994
0.003726, 0.002621
0.006868, 0.003412
0.005744, 0.003807
0.003860, 0.002587
0.003709, 0.002634
0.005368, 0.003817
0.003731, 0.002536
0.001568, 0.001546
0.005688, 0.004302
0.002631, 0.001406
0.001777, 0.001746
0.002012, 0.001952
0.001701, 0.001685
0.001713, 0.001687
0.003086, 0.002971
0.003215, 0.003099
0.004304, 0.002594
0.003871, 0.002693
0.004893, 0.003727
0.005348, 0.002772
0.003781, 0.002215
0.002423, 0.001308
0.001961, 0.001492
0.001543, 0.001527
0.001713, 0.001692
0.001994, 0.001984
0.001818, 0.001796
0.001604, 0.001589
0.001539, 0.001522
0.006166, 0.005116
0.003857, 0.002679
0.003674, 0.002481
0.003649, 0.002458
0.003699, 0.002620
0.003553, 0.002666
0.003858, 0.002673
0.003627, 0.002522
0.005476, 0.004095
0.004278, 0.002989
0.006431, 0.004705
0.001730, 0.001690
0.001661, 0.001646
0.001728, 0.001702
0.002063, 0.001974
0.001569, 0.001562
0.001774, 0.001703
0.001634, 0.001615
0.003347, 0.003284
0.006804, 0.003029
0.003743, 0.002552
0.003863, 0.002654
0.003733, 0.002639
0.003834, 0.002626
0.003799, 0.002630
0.003825, 0.002709
0.004915, 0.002776
0.004645, 0.003420
0.004183, 0.002971
0.003703, 0.002531
0.003490, 0.003228
0.002202, 0.002175
0.001628, 0.001608
0.001523, 0.001503
0.001508, 0.001501
0.003111, 0.003053
0.002472, 0.002399
0.003307, 0.002137
0.002520, 0.001554
0.001696, 0.001680
0.001651, 0.001579
0.001805, 0.001426
0.001827, 0.001714
0.002214, 0.001376
0.001591, 0.001581
0.002075, 0.002048
0.001864, 0.001851
0.001542, 0.001530
0.004748, 0.003556
0.003653, 0.002542
0.005196, 0.003984
0.002472, 0.001455
0.001773, 0.001756
0.001525, 0.001509
0.001921, 0.001866
0.001800, 0.001613
0.001486, 0.001472
0.001485, 0.001459
0.001736, 0.001643
0.002789, 0.002750
0.004399, 0.003075
0.003887, 0.002643
0.003473, 0.002236
0.001643, 0.001626
0.001818, 0.001801
0.001590, 0.001574
0.002413, 0.002365
0.001755, 0.001728
0.001857, 0.001832
0.001542, 0.001520
0.001698, 0.001683
0.003492, 0.003443
0.003273, 0.002093
0.002097, 0.001535
0.001592, 0.001583
0.002098, 0.001408
0.001547, 0.001537
0.002176, 0.002129
0.001946, 0.001937
0.001557, 0.001524
0.001587, 0.001534
0.001546, 0.001536
0.002712, 0.002691
0.001756, 0.001612
0.004151, 0.002875
0.003201, 0.002039
0.001593, 0.001578
0.001672, 0.001657
0.001511, 0.001502
0.002264, 0.002056
0.001653, 0.001637
0.001665, 0.001655
0.001547, 0.001524
0.001763, 0.001749
0.002681, 0.002660
0.002517, 0.001364
0.003332, 0.002147
0.003875, 0.002622
0.002583, 0.001399
0.001765, 0.001755
0.002497, 0.002482
0.001993, 0.001971
0.001981, 0.001831
0.002463, 0.001461
0.001916, 0.001902
0.001818, 0.001805
0.004372, 0.003200
0.003701, 0.002365
0.003997, 0.002788
0.003457, 0.002211
0.002205, 0.001410
0.001875, 0.001832
0.001658, 0.001644
0.001639, 0.001616
0.001756, 0.001610
0.002352, 0.002275
0.001622, 0.001613
0.001879, 0.001867
0.001606, 0.001594
0.004038, 0.002733
0.001674, 0.001615
0.002793, 0.002771
0.003650, 0.002338
0.002305, 0.002265
0.001621, 0.001588
0.001726, 0.001718
0.002138, 0.002119
0.001626, 0.001610
0.002042, 0.002032
0.001763, 0.001745
0.001551, 0.001537
0.003333, 0.003282
0.004163, 0.002895
0.003444, 0.002237
0.002250, 0.001603
0.001744, 0.001718
0.001699, 0.001674
0.002449, 0.002382
0.001689, 0.001667
0.001681, 0.001664
0.001940, 0.001931
0.001784, 0.001771
0.001714, 0.001675
0.001875, 0.001832
0.003645, 0.002371
0.003736, 0.002492
0.001682, 0.001663
0.002706, 0.002689
0.002147, 0.002130
0.002407, 0.002343
0.001788, 0.001777
0.004294, 0.004255
0.005224, 0.003660
0.007359, 0.006013
0.003766, 0.002457
0.002781, 0.001489
0.002181, 0.001699
0.001722, 0.001680
0.001739, 0.001713
0.001722, 0.001704
0.002266, 0.002234
0.002035, 0.002005
0.004272, 0.003010
0.004596, 0.003229
0.002914, 0.001595
0.001891, 0.001842
0.001820, 0.001808
0.001684, 0.001659
0.003601, 0.003549
0.004184, 0.002881
0.002176, 0.001559
0.001771, 0.001662
0.003399, 0.003344
0.004926, 0.003465
0.004294, 0.002938
0.001756, 0.001670
0.001952, 0.001942
0.001836, 0.001800
0.002355, 0.001769
0.001741, 0.001730
0.001920, 0.001892
0.002430, 0.002402
0.002447, 0.002354
0.003190, 0.003114
0.002950, 0.002876
0.002462, 0.002331
0.003777, 0.002520
0.002814, 0.001503
0.002011, 0.001999
0.002023, 0.001987
0.001776, 0.001710
0.002111, 0.001963
0.001824, 0.001793
0.002310, 0.002297
0.001818, 0.001626
0.003445, 0.002127
0.001663, 0.001643
0.003697, 0.002362
0.002848, 0.001574
0.002012, 0.001948
0.002111, 0.002100
0.001685, 0.001677
0.002291, 0.001612
0.004132, 0.002795
0.004330, 0.002842
0.003457, 0.002181
0.002291, 0.001513
0.003100, 0.002974
0.003734, 0.002368
0.001862, 0.001852
0.001806, 0.001796
0.002209, 0.002190
0.002610, 0.002594
0.004396, 0.002874
0.002712, 0.001465
0.001853, 0.001835
0.002886, 0.001545
0.002021, 0.002009
0.002100, 0.002005
0.003768, 0.002477
0.003818, 0.002448
0.001798, 0.001679
0.002075, 0.002040
0.003872, 0.003843
0.004364, 0.003071
0.004163, 0.002736
0.002022, 0.001996
0.002017, 0.001904
0.001818, 0.001805
0.002810, 0.002754
0.003834, 0.002494
0.002323, 0.002212
0.002522, 0.002486
0.005050, 0.003775
0.004434, 0.003081
0.003158, 0.001769
0.001940, 0.001912
0.001961, 0.001897
0.002072, 0.002052
0.002762, 0.002737
0.003819, 0.002424
0.001864, 0.001730
0.002117, 0.001767
0.005568, 0.003909
0.003794, 0.002370
0.001937, 0.001858
0.002583, 0.001819
0.001837, 0.001781
0.001944, 0.001928
0.002245, 0.001749
0.001897, 0.001874
0.001971, 0.001906
0.001891, 0.001765
0.002130, 0.002112
0.003526, 0.003231
0.003982, 0.002497
0.003841, 0.002549
0.001796, 0.001783
0.001929, 0.001913
0.001745, 0.001708
0.002192, 0.002160
0.001929, 0.001922
0.001860, 0.001846
0.003414, 0.003335
0.005056, 0.003740
0.004446, 0.002947
0.004472, 0.003051
0.004814, 0.003320
0.004592, 0.003211
0.003993, 0.002915
0.001883, 0.001847
0.001864, 0.001853
0.001771, 0.001756
0.009613, 0.007717
0.005291, 0.003634
0.004685, 0.003292
0.004170, 0.003156
0.004265, 0.002874
0.004339, 0.002961
0.007593, 0.003081
0.004270, 0.002927
0.002167, 0.002146
0.004948, 0.003471
0.004757, 0.003019
0.004224, 0.003127
0.004560, 0.003058
0.007482, 0.004245
0.004624, 0.003212
0.002747, 0.001558
0.003614, 0.003538
0.002715, 0.001948
0.003392, 0.003290
0.004426, 0.003223
0.005494, 0.003323
0.004854, 0.003414
0.004709, 0.003023
0.004694, 0.003215
0.004756, 0.003034
0.004459, 0.003235
0.004835, 0.003291
0.004495, 0.003086
0.005057, 0.003588
0.002984, 0.001762
0.004192, 0.002797
0.002402, 0.001736
0.002416, 0.002406
0.002060, 0.002041
0.002024, 0.002012
0.004063, 0.003972
0.004694, 0.003117
0.004224, 0.002956
0.001867, 0.001806
0.004307, 0.003047
0.012590, 0.011596
0.008204, 0.006041
0.006797, 0.004826
0.006348, 0.004683
0.006644, 0.004849
0.007829, 0.005966
0.009590, 0.006126
0.006032, 0.004152
0.004494, 0.004250
0.004703, 0.004468
0.003910, 0.003571
0.003951, 0.003723
0.005410, 0.005129
0.007235, 0.005564
0.006313, 0.004378
0.003991, 0.003765
0.003753, 0.003592
0.004461, 0.004128
0.003822, 0.003586
0.005902, 0.005491
0.006485, 0.004300
0.005786, 0.004198
0.006563, 0.004516
0.003935, 0.003604
0.004818, 0.004577
0.003983, 0.003755
0.006128, 0.005800
0.004138, 0.003835
0.004901, 0.004633
0.004068, 0.003831
0.005509, 0.005268
0.004894, 0.003228
0.004087, 0.003847
0.004085, 0.003823
0.004822, 0.004520
0.006878, 0.006321
0.004510, 0.004185
0.004342, 0.003473
0.003925, 0.003635
0.004067, 0.003821
0.004366, 0.003619
0.003774, 0.003543
0.004776, 0.004383
0.003859, 0.003571
0.006079, 0.003324
0.005809, 0.005500
0.004252, 0.004029
0.003913, 0.003547
0.004071, 0.003827
0.003820, 0.003596
0.006423, 0.006136
0.005545, 0.003420
0.003857, 0.003556
0.006299, 0.006012
0.003995, 0.003733
0.005160, 0.004899
0.004142, 0.003912
0.005631, 0.005343
0.006355, 0.004479
0.005490, 0.003408
0.006667, 0.004765
0.003846, 0.003585
0.003794, 0.003569
0.004102, 0.003854
0.004256, 0.003986
0.007363, 0.005317
0.006548, 0.004407
0.005103, 0.004797
0.004771, 0.004150
0.004489, 0.004244
0.003983, 0.003698
0.003760, 0.003497
0.005005, 0.004699
0.004433, 0.004181
0.004702, 0.004398
0.005685, 0.005433
0.004036, 0.003684
0.004220, 0.003974
0.004065, 0.003829
0.003927, 0.003697
0.006058, 0.005742
0.005661, 0.003642
0.003863, 0.003637
0.006580, 0.004637
0.004181, 0.003877
0.003855, 0.003618
0.004425, 0.003636
0.004337, 0.004099
0.006504, 0.004993
0.006489, 0.004270
0.005487, 0.005214
0.004778, 0.003705
0.006470, 0.006078
0.006904, 0.004769
0.006296, 0.004135
0.003803, 0.003557
0.004286, 0.003965
0.006195, 0.004262
0.004022, 0.003771
0.004845, 0.004593
0.004446, 0.004221
0.003691, 0.003463
0.005168, 0.004788
0.006344, 0.003574
0.005308, 0.004978
0.004974, 0.003716
0.003998, 0.003749
0.004441, 0.004199
0.004494, 0.004241
0.005925, 0.005521
0.006606, 0.004596
0.004100, 0.003826
0.004361, 0.003332
0.004042, 0.003770
0.004483, 0.004226
0.003748, 0.003492
0.003759, 0.003475
0.006163, 0.004247
0.005349, 0.003387
0.006014, 0.005717
0.003884, 0.003547
0.003808, 0.003567
0.003941, 0.003698
0.003666, 0.003405
0.007149, 0.006767
0.004665, 0.003160
0.003863, 0.003626
0.006226, 0.004147
0.004278, 0.004042
0.003863, 0.003630
0.004826, 0.004577
0.004442, 0.004222
0.005359, 0.005068
0.006404, 0.004362
0.005910, 0.005608
0.005382, 0.003318
0.004159, 0.003889
0.004194, 0.003928
0.003879, 0.003631
0.004500, 0.004226
0.006359, 0.006030
0.004591, 0.003594
0.006515, 0.004505
0.003741, 0.003475
0.004196, 0.003961
0.004611, 0.003678
0.003946, 0.003662
0.005843, 0.005539
0.006954, 0.004909
0.004905, 0.004585
0.005436, 0.003393
0.003928, 0.003683
0.004587, 0.004310
0.003792, 0.003555
0.005665, 0.005386
0.003938, 0.003611
0.003942, 0.003693
0.005173, 0.004914
0.004948, 0.003341
0.003911, 0.003655
0.004622, 0.004374
0.003901, 0.003664
0.006982, 0.006695
0.006311, 0.004241
0.004377, 0.003930
0.006674, 0.004471
0.003793, 0.003556
0.003910, 0.003673
0.003816, 0.003574
0.004906, 0.004620
0.005715, 0.003847
0.004154, 0.003909
0.004125, 0.003882
0.006416, 0.004508
0.004112, 0.003869
0.004068, 0.003804
0.004054, 0.003807
0.005147, 0.004864
0.005690, 0.004330
0.005668, 0.003790
0.005087, 0.004831
0.005282, 0.003264
0.003805, 0.003566
0.003990, 0.003730
0.003966, 0.003657
0.006811, 0.004467
0.007249, 0.005121
0.004688, 0.004463
0.004193, 0.003933
0.003912, 0.003671
0.004335, 0.004058
0.003848, 0.003599
0.004055, 0.003812
0.007150, 0.004987
0.006037, 0.003900
0.005791, 0.003829
0.003890, 0.003609
0.003848, 0.003606
0.003956, 0.003712
0.004044, 0.003808
0.006617, 0.004476
0.006620, 0.004621
0.005889, 0.003841
0.004151, 0.003906
0.003863, 0.003578
0.004072, 0.003820
0.006983, 0.004887
0.007035, 0.005091
0.006502, 0.004527
0.005403, 0.003380
0.003904, 0.003633
0.003715, 0.003487
0.004673, 0.004432
0.003949, 0.003697
0.005194, 0.004841
0.004163, 0.003921
0.005169, 0.004908
0.005325, 0.003342
0.003741, 0.003516
0.003890, 0.003653
0.004310, 0.004016
0.004160, 0.003927
0.005253, 0.003462
0.004723, 0.003433
0.005740, 0.005471
0.005294, 0.003202
0.003759, 0.003506
0.003819, 0.003592
0.004163, 0.003865
0.003952, 0.003705
0.010129, 0.007528
0.006287, 0.004361
0.004805, 0.004210
0.004300, 0.004064
0.003739, 0.003471
0.004056, 0.003832
0.003686, 0.003456
0.006548, 0.004420
0.005374, 0.004485
0.005892, 0.003804
0.003781, 0.003552
0.003944, 0.003718
0.005564, 0.005297
0.007018, 0.004906
0.006689, 0.004454
0.006575, 0.004610
0.004509, 0.003966
0.003766, 0.003523
0.003862, 0.003608
0.003795, 0.003555
0.004032, 0.003782
0.005635, 0.005341
0.005222, 0.004569
0.006299, 0.003949
0.004559, 0.004310
0.003853, 0.003583
0.004325, 0.004081
0.003861, 0.003597
0.003996, 0.003750
0.005743, 0.005451
0.005954, 0.005407
0.004103, 0.003389
0.004554, 0.004297
0.003790, 0.003541
0.004668, 0.004442
0.004322, 0.004061
0.004368, 0.004124
0.006161, 0.005872
0.004094, 0.003847
0.005222, 0.004926
0.006449, 0.004221
0.003970, 0.003679
0.004175, 0.003926
0.005665, 0.005083
0.005495, 0.005212
0.006685, 0.004529
0.004803, 0.004561
0.006065, 0.005786
0.004048, 0.003810
0.003677, 0.003452
0.004666, 0.004429
0.005315, 0.005040
0.007120, 0.005011
0.004363, 0.003854
0.006197, 0.004128
0.004011, 0.003759
0.004176, 0.003920
0.004070, 0.003460
0.003779, 0.003547
0.006432, 0.004328
0.006152, 0.004112
0.006559, 0.004397
0.003907, 0.003470
0.004071, 0.003824
0.004052, 0.003775
0.004365, 0.004128
0.005972, 0.005667
0.006253, 0.004371
0.006724, 0.004638
0.004317, 0.004073
0.003954, 0.003717
0.004083, 0.003819
0.003930, 0.003699
0.004462, 0.004214
0.007155, 0.004955
0.006453, 0.006081
0.004444, 0.004174
0.004441, 0.004198
0.004000, 0.003743
0.003918, 0.003675
0.004292, 0.003991
0.005448, 0.005201
0.004771, 0.003298
0.006521, 0.004553
0.004550, 0.004289
0.004563, 0.004284
0.003937, 0.003674
0.003718, 0.003476
0.003831, 0.003598
0.004362, 0.003889
0.005933, 0.005678
0.006246, 0.004120
0.004552, 0.003668
0.004801, 0.004570
0.004098, 0.003332
0.003850, 0.003623
0.006145, 0.005867
0.005430, 0.005148
0.006521, 0.004587
0.004301, 0.004069
0.004289, 0.004056
0.004028, 0.003767
0.004013, 0.003745
0.004362, 0.004113
0.004862, 0.004596
0.007819, 0.005990
0.004798, 0.003605
0.004464, 0.004237
0.004454, 0.004222
0.004010, 0.003773
0.004114, 0.003863
0.004279, 0.004057
0.005717, 0.005444
0.006949, 0.004789
0.004978, 0.004714
0.004974, 0.003612
0.003979, 0.003713
0.004391, 0.004027
0.004208, 0.003973
0.004653, 0.004392
0.005570, 0.003339
0.003756, 0.003532
0.004500, 0.004261
0.005303, 0.004868
0.003914, 0.003682
0.004517, 0.004278
0.003934, 0.003640
0.006035, 0.005717
0.007654, 0.005568
0.003813, 0.003568
0.003938, 0.003666
0.006326, 0.004175
0.004600, 0.004372
0.003853, 0.003572
0.006601, 0.006303
0.006378, 0.004409
0.004205, 0.003526
0.004516, 0.004295
0.006523, 0.004609
0.004466, 0.004211
0.004368, 0.004119
0.007464, 0.007124
0.006245, 0.004450
0.004000, 0.003725
0.003854, 0.003661
0.005241, 0.004985
0.005569, 0.003534
0.004551, 0.004311
0.004076, 0.003785
0.003745, 0.003517
0.003892, 0.003659
0.003687, 0.003472
0.003699, 0.003427
0.003841, 0.003605
0.005343, 0.004704
0.004531, 0.003393
0.004055, 0.003803
0.004932, 0.004652
0.005163, 0.003160
0.003882, 0.003643
0.003870, 0.003621
0.004021, 0.003783
0.004734, 0.004457
0.007073, 0.004986
0.008197, 0.006201
0.006171, 0.004282
0.003929, 0.003689
0.003853, 0.003617
0.003789, 0.003569
0.004622, 0.004322
0.004949, 0.003369
0.003835, 0.003582
0.006088, 0.005763
0.006715, 0.004792
0.004825, 0.004579
0.003920, 0.003695
0.003894, 0.003674
0.006484, 0.004481
0.004059, 0.003816
0.005918, 0.005646
0.005452, 0.003335
0.005500, 0.003499
0.004151, 0.003880
0.003844, 0.003600
0.005233, 0.004953
0.004447, 0.004188
0.003928, 0.003675
0.004683, 0.004368
0.004869, 0.003319
0.006327, 0.004344
0.005249, 0.003154
0.004022, 0.003775
0.003905, 0.003605
0.004623, 0.003626
0.005019, 0.004775
0.007669, 0.005111
0.006986, 0.004872
0.005116, 0.003177
0.004100, 0.003639
0.003737, 0.003507
0.004619, 0.004356
0.003934, 0.003713
0.005294, 0.005021
0.005648, 0.003339
0.005107, 0.004840
0.005260, 0.003312
0.003951, 0.003684
0.005310, 0.003797
0.004160, 0.003933
0.006318, 0.006026
0.005644, 0.003339
0.004568, 0.004345
0.006199, 0.004627
0.004011, 0.003776
0.003692, 0.003498
0.004552, 0.004317
0.004318, 0.004068
0.005207, 0.004935
0.005267, 0.003198
0.004023, 0.003787
0.005393, 0.005120
0.004592, 0.004314
0.003993, 0.003760
0.004778, 0.004537
0.004056, 0.003742
0.005940, 0.003610
0.004331, 0.004102
0.003841, 0.003588
0.006102, 0.004229
0.004587, 0.004355
0.003913, 0.003636
0.004601, 0.004343
0.005911, 0.005487
0.005722, 0.003705
0.005201, 0.004945
0.005233, 0.004879
0.005388, 0.003406
0.004782, 0.004519
0.005223, 0.003267
0.004483, 0.004215
0.006244, 0.004307
0.003963, 0.003715
0.004958, 0.004688
0.005278, 0.003232
0.003981, 0.003731
0.003960, 0.003725
0.003697, 0.003431
0.005291, 0.005040
0.005064, 0.004810
0.004618, 0.003262
0.003671, 0.003418
0.005593, 0.004004
0.004099, 0.003821
0.004363, 0.004099
0.003862, 0.003639
0.003938, 0.003686
0.004990, 0.004711
0.005936, 0.003754
0.003750, 0.003521
0.004238, 0.003391
0.004820, 0.003631
0.004209, 0.003926
0.003918, 0.003673
0.004274, 0.003943
0.007234, 0.005331
0.005371, 0.003304
0.005346, 0.004987
0.005250, 0.003213
0.004564, 0.004236
0.004237, 0.003548
0.003813, 0.003534
0.010918, 0.008764
0.005188, 0.003173
0.006666, 0.004476
0.004469, 0.004180
0.003833, 0.003543
0.004104, 0.003830
0.003919, 0.003634
0.005656, 0.003563
0.004374, 0.004092
0.005015, 0.004721
0.005148, 0.003313
0.003916, 0.003680
0.003870, 0.003618
0.003837, 0.003593
0.004092, 0.003861
0.007901, 0.005731
0.005349, 0.003429
0.005303, 0.005064
0.004592, 0.003250
0.003669, 0.003436
0.004459, 0.004232
0.003890, 0.003664
0.005941, 0.005626
0.005055, 0.003234
0.003839, 0.003613
0.005290, 0.004960
0.005508, 0.003429
0.004031, 0.003712
0.003944, 0.003701
0.003895, 0.003649
0.005298, 0.004979
0.004768, 0.004520
0.004097, 0.003853
0.003773, 0.003534
0.006656, 0.004499
0.004432, 0.004196
0.004330, 0.004078
0.004893, 0.004613
0.006284, 0.004212
0.005711, 0.003618
0.004019, 0.003790
0.006211, 0.004172
0.003836, 0.003583
0.005887, 0.005212
0.008593, 0.006726
0.005625, 0.003481
0.007214, 0.005206
0.006508, 0.004520
0.003895, 0.003647
0.004179, 0.003953
0.008242, 0.007914
0.003905, 0.003615
0.004343, 0.004094
0.003922, 0.003678
0.005657, 0.005390
0.004660, 0.003430
0.004251, 0.003941
0.003800, 0.003567
0.006335, 0.006047
0.006509, 0.004377
0.004195, 0.003909
0.005023, 0.004775
0.003801, 0.003502
0.003693, 0.003460
0.004101, 0.003855
0.003933, 0.003688
0.007120, 0.005037
0.004124, 0.003577
0.006171, 0.005874
0.003828, 0.003489
0.004492, 0.004230
0.004442, 0.004151
0.004033, 0.003783
0.005620, 0.005328
0.005882, 0.005606
0.006482, 0.004588
0.005394, 0.003469
0.003694, 0.003461
0.004049, 0.003809
0.004548, 0.004308
0.004006, 0.003696
0.005433, 0.003333
0.003851, 0.003592
0.005242, 0.004973
0.005519, 0.003450
0.004628, 0.004407
0.004009, 0.003717
0.004853, 0.004242
0.004258, 0.003940
0.006404, 0.004203
0.003821, 0.003534
0.006483, 0.004393
0.004391, 0.004111
0.004106, 0.003643
0.004443, 0.004163
0.003854, 0.003614
0.005936, 0.005522
0.006664, 0.004507
0.006430, 0.004414
0.004389, 0.003391
0.004202, 0.003974
0.004771, 0.004489
0.003932, 0.003675
0.005600, 0.005287
0.007749, 0.003984
0.005950, 0.005669
0.005071, 0.003460
0.004167, 0.003869
0.004254, 0.004002
0.004820, 0.004563
0.008253, 0.005889
0.006082, 0.003693
0.006042, 0.005764
0.004832, 0.004160
0.004141, 0.003892
0.004821, 0.004532
0.004232, 0.003970
0.008750, 0.006250
0.005140, 0.003471
0.006927, 0.004723
0.004785, 0.004475
0.004340, 0.004071
0.005181, 0.004907
0.005123, 0.004828
0.004352, 0.004088
0.005176, 0.004870
0.006728, 0.006388
0.004411, 0.004129
0.004488, 0.004223
0.005070, 0.004818
0.006203, 0.005881
0.008186, 0.005682
0.004373, 0.004045
0.004843, 0.004590
0.004795, 0.003846
0.004676, 0.004415
0.004608, 0.004347
0.009365, 0.009010
0.005790, 0.003679
0.004344, 0.003816
0.006131, 0.004746
0.004965, 0.004682
0.004574, 0.004313
0.004263, 0.004022
0.005654, 0.005340
0.007427, 0.005239
0.006543, 0.006245
0.005783, 0.003578
0.004634, 0.004302
0.004345, 0.004090
0.006445, 0.006123
0.007021, 0.004735
0.004813, 0.004545
0.006148, 0.005822
0.004967, 0.003839
0.005263, 0.004993
0.006499, 0.006182
0.007149, 0.004852
0.005841, 0.003843
0.006158, 0.005851
0.005618, 0.005354
0.004243, 0.003974
0.004266, 0.004023
0.004568, 0.004362
0.007742, 0.005477
0.004515, 0.004119
0.006044, 0.005742
0.005316, 0.003815
0.004820, 0.004561
0.004604, 0.004316
0.007983, 0.005596
0.006033, 0.003689
0.005671, 0.005376
0.005646, 0.003776
0.004921, 0.004645
0.004314, 0.004039
0.006270, 0.005814
0.005331, 0.005032
0.004853, 0.004570
0.004294, 0.004021
0.007381, 0.004986
0.004953, 0.004614
0.008000, 0.006927
0.006299, 0.003894
0.004740, 0.004469
0.004366, 0.004085
0.007042, 0.005028
0.004476, 0.004203
0.004459, 0.004169
0.007725, 0.007446
0.007188, 0.004913
0.004217, 0.003955
0.005571, 0.005273
0.005037, 0.003995
0.004993, 0.004717
0.004403, 0.004119
0.009154, 0.006179
0.006363, 0.004016
0.004914, 0.004568
0.004453, 0.004160
0.004489, 0.004184
0.005698, 0.004584
0.007687, 0.007252
0.008034, 0.005498
0.006381, 0.003967
0.005173, 0.004909
0.004630, 0.004324
0.004637, 0.004331
0.007149, 0.006775
0.008546, 0.006067
0.007499, 0.005180
0.004566, 0.004250
0.004655, 0.004366
0.004520, 0.004110
0.006677, 0.006349
0.006230, 0.003892
0.005888, 0.005554
0.006318, 0.003973
0.004536, 0.004242
0.004526, 0.004230
0.004729, 0.004378
0.006477, 0.003946
0.005099, 0.004829
0.005647, 0.005312
0.007393, 0.004915
0.007235, 0.005122
0.007688, 0.005579
0.005329, 0.004356
0.005382, 0.005057
0.005195, 0.004924
0.004755, 0.004458
0.005121, 0.004813
0.004546, 0.004262
0.010308, 0.009937
0.005860, 0.003687
0.005150, 0.004868
0.005831, 0.003713
0.005102, 0.004803
0.004956, 0.004676
0.004504, 0.004206
0.008230, 0.005703
0.005356, 0.005028
0.004648, 0.004357
0.004553, 0.004292
0.004842, 0.004523
0.004920, 0.004638
0.006879, 0.006481
0.007751, 0.005179
0.005744, 0.004013
0.005160, 0.004889
0.005661, 0.005356
0.004663, 0.004381
0.005052, 0.004714
0.007998, 0.007675
0.006796, 0.004306
0.005166, 0.004826
0.005715, 0.005419
0.005071, 0.004755
0.004630, 0.004316
0.006593, 0.006111
0.006561, 0.004077
0.005103, 0.004024
0.005489, 0.005194
0.004694, 0.004403
0.004959, 0.004664
0.005530, 0.005224
0.009694, 0.006970
0.006656, 0.004123
0.005075, 0.004797
0.005178, 0.004862
0.004536, 0.004264
0.005291, 0.005014
0.005931, 0.005568
0.007661, 0.005155
0.004742, 0.004437
0.004747, 0.004473
0.004758, 0.004424
0.004890, 0.004613
0.006682, 0.006321
0.007298, 0.004981
0.005033, 0.004294
0.005583, 0.005299
0.004715, 0.004430
0.005446, 0.005134
0.004726, 0.004426
0.011873, 0.009236
0.005742, 0.003931
0.005203, 0.004933
0.004465, 0.004160
0.005079, 0.004792
0.005002, 0.004669
0.008721, 0.005669
0.006656, 0.004068
0.005217, 0.004928
0.004764, 0.004472
0.004688, 0.004397
0.004652, 0.004356
0.007193, 0.006811
0.008359, 0.005777
0.006013, 0.005713
0.004880, 0.004599
0.005555, 0.005305
0.004717, 0.004426
0.006759, 0.006309
0.008446, 0.005813
0.005534, 0.005248
0.005399, 0.005094
0.004924, 0.004562
0.006586, 0.006244
0.010263, 0.007360
0.006337, 0.004081
0.005296, 0.005031
0.004521, 0.004215
0.005062, 0.004778
0.004511, 0.004140
0.006148, 0.005819
0.007065, 0.005232
0.005365, 0.003930
0.004825, 0.004534
0.004446, 0.004177
0.004982, 0.004676
0.005627, 0.005335
0.010804, 0.009999
0.005859, 0.005482
0.006345, 0.004107
0.004661, 0.004354
0.005369, 0.005033
0.007606, 0.007095
0.007902, 0.005361
0.006572, 0.006249
0.005869, 0.004267
0.005091, 0.004803
0.004881, 0.004575
0.008751, 0.005974
0.005487, 0.004235
0.006567, 0.006175
0.006266, 0.003900
0.004871, 0.004546
0.004781, 0.004494
0.009205, 0.006589
0.006599, 0.004101
0.007656, 0.006982
0.004989, 0.004671
0.005578, 0.005252
0.008035, 0.007661
0.007911, 0.005547
0.005478, 0.005176
0.007759, 0.005518
0.005243, 0.004940
0.005249, 0.004435
0.006971, 0.006536
0.007872, 0.005472
0.005157, 0.004846
0.008020, 0.005449
0.004787, 0.004478
0.004929, 0.004634
0.008044, 0.007699
0.006573, 0.006258
0.005069, 0.004777
0.007358, 0.007039
0.005514, 0.005219
0.005366, 0.005075
0.008064, 0.005445
0.006760, 0.004122
0.004690, 0.004389
0.006008, 0.005674
0.006247, 0.004579
0.005116, 0.004820
0.007982, 0.005337
0.006502, 0.004378
0.004921, 0.004530
0.005097, 0.004804
0.007789, 0.005465
0.004893, 0.004588
0.009628, 0.009256
0.006361, 0.004031
0.005746, 0.005454
0.006376, 0.006028
0.006534, 0.004076
0.007554, 0.007138
0.007648, 0.007246
0.006753, 0.004288
0.005940, 0.005613
0.005275, 0.004938
0.005521, 0.005201
0.007093, 0.006724
0.007661, 0.005349
0.006404, 0.006057
0.006550, 0.004074
0.004729, 0.004421
0.004879, 0.004596
0.009359, 0.006702
0.006720, 0.004144
0.007851, 0.005312
0.004751, 0.004467
0.004987, 0.004664
0.005005, 0.004596
0.008924, 0.006667
0.005063, 0.004214
0.008083, 0.007739
0.004950, 0.004519
0.005183, 0.004891
0.007014, 0.006460
0.005613, 0.005081
0.006062, 0.004321
0.005105, 0.004756
0.007054, 0.004558
0.005332, 0.005034
0.012061, 0.011503
0.006780, 0.004187
0.005548, 0.005228
0.006605, 0.006180
0.005303, 0.004505
0.007261, 0.006892
0.008226, 0.005599
0.004772, 0.004481
0.005042, 0.004730
0.007354, 0.004965
0.005192, 0.004072
0.006469, 0.005984
0.008678, 0.006026
0.004921, 0.004610
0.005137, 0.004848
0.007143, 0.006627
0.007191, 0.006752
0.008695, 0.004270
0.005165, 0.004875
0.004892, 0.004241
0.005577, 0.004235
0.007005, 0.004550
0.008003, 0.007610
0.006783, 0.004265
0.005291, 0.004978
0.004837, 0.004458
0.005106, 0.004756
0.006622, 0.004166
0.006988, 0.006552
0.009752, 0.006735
0.007830, 0.005432
0.004965, 0.004645
0.004530, 0.004244
0.004852, 0.004532
0.008601, 0.006046
0.006949, 0.005118
0.005810, 0.004847
0.004657, 0.004270
0.005423, 0.005056
0.007216, 0.006878
0.008274, 0.005966
0.006148, 0.005851
0.006095, 0.004022
0.005301, 0.004994
0.005591, 0.005261
0.007236, 0.006818
0.007422, 0.004932
0.009200, 0.006486
0.007211, 0.004783
0.005365, 0.005068
0.007181, 0.006728
0.008189, 0.005210
0.006144, 0.005810
0.006228, 0.003859
0.004771, 0.004471
0.005084, 0.004630
0.007775, 0.007403
0.006626, 0.004206
0.006268, 0.005934
0.006643, 0.003952
0.004784, 0.004499
0.004881, 0.004562
0.008284, 0.005685
0.006815, 0.004316
0.006011, 0.005678
0.006550, 0.004050
0.006884, 0.006527
0.007646, 0.007174
0.007760, 0.004991
0.004596, 0.004297
0.007350, 0.004765
0.004750, 0.004446
0.005535, 0.005251
0.008757, 0.008426
0.007361, 0.004870
0.005738, 0.005452
0.008005, 0.005473
0.004868, 0.004582
0.005716, 0.005328
0.007991, 0.005556
0.005785, 0.004021
0.006304, 0.005969
0.006582, 0.004325
0.005489, 0.005191
0.006962, 0.006616
0.008791, 0.006267
0.004718, 0.004424
0.005449, 0.005146
0.005296, 0.005018
0.004916, 0.004568
0.006579, 0.006174
